1.396263 1.396263
1.396263 1.396261
1.396210 1.395436
1.393745 1.391143
1.387639 1.383243
1.377962 1.371806
1.364786 1.356912
1.348195 1.338646
1.328276 1.317097
1.305121 1.292361
1.278827 1.264532
1.249490 1.233711
1.217209 1.199996
1.182085 1.163488
1.144219 1.124290
1.103715 1.082507
1.060680 1.038249
1.015227 0.991630
0.967475 0.942777
0.917555 0.891827
0.865613 0.838933
0.811811 0.784270
0.756336 0.728037
0.699402 0.670462
0.641252 0.611808
0.582168 0.552374
0.522469 0.492500
0.462517 0.432570
0.402714 0.373006
0.343505 0.314272
0.285371 0.256865
0.228822 0.201309
0.174393 0.148145
0.122632 0.097922
0.074084 0.051184
0.029286 0.008455
-0.011249 -0.029767
-0.047042 -0.063020
-0.077650 -0.090882
-0.102672 -0.112973
-0.121745 -0.128946
-0.134537 -0.138479
-0.140732 -0.141255
-0.140006 -0.136938
-0.132000 -0.125136
-0.116280 -0.105355
-0.092273 -0.076927
-0.059192 -0.038915
-0.015913 0.010038
0.039208 0.071920
0.108559 0.149558
0.195362 0.246312
0.302391 0.362790
0.425502 0.487525
0.545920 0.598831
0.645619 0.686405
0.721635 0.751826
0.777466 0.798976
0.816710 0.830964
0.841982 0.849972
0.855106 0.857534
0.857388 0.854784
0.849826 0.842611
0.833229 0.821766
0.808303 0.792922
0.775700 0.756715
0.736042 0.713758
0.689935 0.664647
0.637965 0.609959
0.580696 0.550239
0.518650 0.485985
0.452296 0.417632
0.382033 0.345536
0.308169 0.269954
0.230906 0.191030
0.150324 0.108775
0.066360 0.023047
-0.021210 -0.066467
-0.112793 -0.160268
-0.208982 -0.259034
-0.310522 -0.363531
-0.418118 -0.474272
-0.531876 -0.590652
-0.650121 -0.709608
-0.768311 -0.825440
-0.880347 -0.932605
-0.982005 -1.028509
-1.072189 -1.113178
-1.151634 -1.187720
-1.221591 -1.253390
-1.283249 -1.311281
-1.337589 -1.362263
-1.385383 -1.407017
-1.427229 -1.446072
-1.463594 -1.479838
-1.494843 -1.508642
-1.521265 -1.532741
-1.543092 -1.552341
-1.560507 -1.567608
-1.573660 -1.578676
-1.582670 -1.585653
-1.587635 -1.588625
-1.588631 -1.587660
-1.585717 -1.582807
-1.578934 -1.574102
-1.568313 -1.561567
-1.553865 -1.545206
-1.535589 -1.525011
-1.513467 -1.500953
-1.487462 -1.472987
-1.457516 -1.441040
-1.423545 -1.405016
-1.385434 -1.364779
-1.343028 -1.320153
-1.296126 -1.270910
-1.244468 -1.216756
-1.187725 -1.157321
-1.125486 -1.092156
-1.057265 -1.020746
-0.982536 -0.942581
-0.900852 -0.857354
-0.812147 -0.765371
-0.717261 -0.668161
-0.618500 -0.568767
-0.519445 -0.470963
-0.423658 -0.377761
-0.333413 -0.290677
-0.249564 -0.210051
-0.172094 -0.135643
-0.100643 -0.067041
-0.034789 -0.003842
0.025836 0.054279
0.081513 0.107559
0.132433 0.156148
0.178712 0.200130
0.220402 0.239527
0.257501 0.274317
0.289966 0.304439
0.317723 0.329804
0.340665 0.350292
0.358663 0.365761
0.371561 0.376042
0.379177 0.380940
0.381299 0.380224
0.377679 0.373627
0.368029 0.360843
0.352024 0.341528
0.329313 0.315339
0.299577 0.282014
0.262662 0.241575
0.218860 0.194700
0.169358 0.143188
0.116613 0.090095
0.064090 0.039002
0.015152 -0.007229
-0.027997 -0.047082
-0.064467 -0.080172
-0.094243 -0.106736
-0.117717 -0.127256
-0.135418 -0.142271
-0.147877 -0.152295
-0.155581 -0.157788
-0.158964 -0.159154
-0.158403 -0.156748
-0.154228 -0.150877
-0.146728 -0.141811
-0.136155 -0.129787
-0.122730 -0.115009
-0.106646 -0.097659
-0.088068 -0.077889
-0.067138 -0.055830
-0.043978 -0.031592
-0.018683 -0.005260
0.008669 0.023098
0.038021 0.053435
0.069335 0.085719
0.102586 0.119934
0.137761 0.156067
0.174849 0.194105
0.213830 0.234016
0.254653 0.275725
0.297212 0.319082
0.341299 0.363812
0.386561 0.409470
0.432450 0.455400
0.478206 0.500743
0.522885 0.544503
0.565471 0.585674
0.605008 0.623384
0.640728 0.656983
0.672104 0.686062
0.698835 0.710415
0.720798 0.729985
0.737983 0.744801
0.750450 0.754942
0.758291 0.760508
0.761608 0.761602
0.760502 0.758320
0.755067 0.750752
0.745386 0.738977
0.731533 0.723064
0.713577 0.703081
0.691584 0.679096
0.665628 0.651191
0.635801 0.619474
0.602231 0.584098
0.565106 0.545291
0.524697 0.503378
0.481393 0.458813
0.435716 0.412190
0.388329 0.364232
0.340004 0.315749
0.291570 0.267565
0.243829 0.220446
0.197496 0.175045
0.153153 0.131872
0.111244 0.091305
0.072084 0.053606
0.035890 0.018951
0.002804 -0.012543
-0.027079 -0.040799
-0.053696 -0.065766
-0.077004 -0.087406
-0.096969 -0.105691
-0.113568 -0.120599
-0.126782 -0.132117
-0.136601 -0.140237
-0.143026 -0.144970
-0.146075 -0.146348
-0.145797 -0.144435
-0.142279 -0.139348
-0.135669 -0.131272
-0.126194 -0.120480
-0.114182 -0.107359
-0.100077 -0.092411
-0.084440 -0.076250
-0.067928 -0.059566
-0.051251 -0.043071
-0.035107 -0.027435
-0.020124 -0.013234
-0.006818 -0.000920
0.004426 0.009189
0.013349 0.016890
0.019800 0.022074
0.023709 0.024707
0.025069 0.024803
0.023914 0.022411
0.020304 0.017604
0.014320 0.010465
0.006051 0.001090
-0.004405 -0.010421
-0.016946 -0.023964
-0.031463 -0.039428
-0.047844 -0.056696
-0.065967 -0.075641
-0.085700 -0.096124
-0.106894 -0.117988
-0.129382 -0.141052
-0.152971 -0.165110
-0.177439 -0.189924
-0.202530 -0.215220
-0.227955 -0.240693
-0.253392 -0.266007
-0.278495 -0.290809
-0.302904 -0.314736
-0.326261 -0.337436
-0.348221 -0.358579
-0.368472 -0.377869
-0.386740 -0.395058
-0.402798 -0.409941
-0.416468 -0.422364
-0.427616 -0.432214
-0.436151 -0.439421
-0.442020 -0.443947
-0.445202 -0.445786
-0.445703 -0.444957
-0.443554 -0.441503
-0.438813 -0.435493
-0.431556 -0.427015
-0.421886 -0.416185
-0.409930 -0.403140
-0.395839 -0.388049
-0.379794 -0.371103
-0.362004 -0.352526
-0.342703 -0.332567
-0.322152 -0.311496
-0.300633 -0.289602
-0.278439 -0.267184
-0.255871 -0.244540
-0.233225 -0.221961
-0.210783 -0.199723
-0.188811 -0.178077
-0.167548 -0.157249
-0.147204 -0.137435
-0.127962 -0.118802
-0.109974 -0.101491
-0.093366 -0.085612
-0.078239 -0.071256
-0.064670 -0.058488
-0.052714 -0.047354
-0.042408 -0.037879
-0.033768 -0.030072
-0.026790 -0.023918
-0.021451 -0.019383
-0.017707 -0.016414
-0.015492 -0.014930
-0.014713 -0.014827
-0.015253 -0.015974
-0.016967 -0.018212
-0.019684 -0.021358
-0.023206 -0.025202
-0.027315 -0.029516
-0.031774 -0.034060
-0.036341 -0.038587
-0.040769 -0.042857
-0.044823 -0.046640
-0.048283 -0.049727
-0.050951 -0.051934
-0.052658 -0.053106
-0.053265 -0.053121
-0.052664 -0.051885
-0.050777 -0.049334
-0.047552 -0.045430
-0.042967 -0.040163
-0.037020 -0.033542
-0.029732 -0.025597
-0.021142 -0.016377
-0.011309 -0.005949
-0.000306 0.005606
0.011775 0.018188
0.024831 0.031687
0.038740 0.045974
0.053370 0.060909
0.068573 0.076340
0.084191 0.092104
0.100058 0.108029
0.115997 0.123938
0.131830 0.139650
0.147376 0.154986
0.162459 0.169773
0.176908 0.183845
0.190564 0.197048
0.203279 0.209242
0.214923 0.220307
0.225382 0.230138
0.234563 0.238650
0.242391 0.245779
0.248811 0.251481
0.253787 0.255729
0.257304 0.258515
0.259364 0.259852
0.259986 0.259768
0.259207 0.258308
0.257081 0.255534
0.253677 0.251521
0.249078 0.246360
0.243382 0.240156
0.236697 0.233021
0.229144 0.225081
0.220850 0.216468
0.211951 0.207317
0.202584 0.197769
0.192889 0.187962
0.183004 0.178033
0.173063 0.168112
0.163194 0.158325
0.153517 0.148785
0.144142 0.139598
0.135166 0.130857
0.126679 0.122641
0.118753 0.115020
0.111450 0.108048
0.104820 0.101769
0.098898 0.096210
0.093707 0.091390
0.089259 0.087313
0.085551 0.083971
0.082569 0.081343
0.080287 0.079396
0.078665 0.078087
0.077655 0.077360
0.077194 0.077147
0.077211 0.077373
0.077624 0.077952
0.078345 0.078790
0.079276 0.079789
0.080317 0.080847
0.081364 0.081858
0.082313 0.082719
0.083061 0.083329
0.083511 0.083594
0.083569 0.083426
0.083154 0.082745
0.082191 0.081485
0.080618 0.079587
0.078385 0.077008
0.075452 0.073716
0.071796 0.069693
0.067404 0.064932
0.062276 0.059440
0.056426 0.053236
0.049876 0.046350
0.042663 0.038822
0.034833 0.030704
0.026442 0.022056
0.017554 0.012946
0.008242 0.003452
-0.001414 -0.006345
-0.011330 -0.016358
-0.021417 -0.026495
-0.031581 -0.036663
-0.041729 -0.046768
-0.051769 -0.056718
-0.061607 -0.066423
-0.071156 -0.075795
-0.080331 -0.084754
-0.089054 -0.093224
-0.097255 -0.101139
-0.104869 -0.108439
-0.111843 -0.115075
-0.118131 -0.121006
-0.123698 -0.126203
-0.128519 -0.130644
-0.132578 -0.134321
-0.135872 -0.137232
-0.138403 -0.139387
-0.140186 -0.140804
-0.141245 -0.141512
-0.141611 -0.141546
-0.141323 -0.140948
-0.140428 -0.139769
-0.138979 -0.138065
-0.137034 -0.135895
-0.134655 -0.133323
-0.131907 -0.130415
-0.128857 -0.127240
-0.125573 -0.123865
-0.122124 -0.120358
-0.118574 -0.116782
-0.114989 -0.113201
-0.111426 -0.109672
-0.107943 -0.106248
-0.104590 -0.102977
-0.101412 -0.099902
-0.098449 -0.097057
-0.095731 -0.094473
-0.093286 -0.092172
-0.091132 -0.090168
-0.089280 -0.088470
-0.087737 -0.087080
-0.086500 -0.085993
-0.085560 -0.085197
-0.084903 -0.084674
-0.084508 -0.084401
-0.084349 -0.084348
-0.084393 -0.084481
-0.084605 -0.084762
-0.084945 -0.085149
-0.085368 -0.085597
-0.085829 -0.086058
-0.086280 -0.086486
-0.086672 -0.086832
-0.086958 -0.087046
-0.087090 -0.087084
-0.087023 -0.086901
-0.086714 -0.086456
-0.086123 -0.085711
-0.085217 -0.084635
-0.083964 -0.083200
-0.082340 -0.081383
-0.080327 -0.079169
-0.077910 -0.076548
-0.075083 -0.073515
-0.071845 -0.070073
-0.068201 -0.066230
-0.064163 -0.062002
-0.059748 -0.057406
-0.054979 -0.052470
-0.049884 -0.047223
-0.044494 -0.041700
-0.038847 -0.035939
-0.032982 -0.029982
-0.026944 -0.023873
-0.020776 -0.017659
-0.014527 -0.011386
-0.008243 -0.005103
-0.001972 0.001143
0.004237 0.007305
0.010341 0.013338
0.016293 0.019200
0.022054 0.024850
0.027584 0.030253
0.032850 0.035374
0.037821 0.040187
0.042470 0.044668
0.046777 0.048796
0.050724 0.052560
0.054301 0.055948
0.057500 0.058957
0.060320 0.061588
0.062764 0.063847
0.064840 0.065743
0.066560 0.067291
0.067940 0.068510
0.069001 0.069419
0.069766 0.070045
0.070260 0.070415
0.070512 0.070557
0.070552 0.070502
0.070411 0.070282
0.070121 0.069929
0.069713 0.069475
0.069219 0.068949
0.068670 0.068383
0.068094 0.067805
0.067519 0.067239
0.066968 0.066710
0.066466 0.066238
0.066030 0.065842
0.065676 0.065535
0.065418 0.065328
0.065265 0.065230
0.065222 0.065243
0.065292 0.065370
0.065474 0.065606
0.065763 0.065946
0.066152 0.066380
0.066629 0.066897
0.067182 0.067482
0.067794 0.068117
0.068447 0.068783
0.069122 0.069461
0.069796 0.070127
0.070448 0.070758
0.071054 0.071332
0.071590 0.071825
0.072033 0.072213
0.072361 0.072475
0.072552 0.072589
0.072584 0.072535
0.072440 0.072296
0.072102 0.071856
0.071557 0.071202
0.070791 0.070323
0.069796 0.069211
0.068566 0.067861
0.067096 0.066271
0.065387 0.064443
0.063440 0.062380
0.061262 0.060089
0.058861 0.057580
0.056248 0.054866
0.053436 0.051961
0.050442 0.048882
0.047284 0.045649
0.043981 0.042282
0.040555 0.038803
0.037028 0.035235
0.033425 0.031601
0.029768 0.027927
0.026082 0.024236
0.022392 0.020552
0.018720 0.016898
0.015089 0.013296
0.011521 0.009767
0.008036 0.006331
0.004652 0.003004
0.001387 -0.000197
-0.001746 -0.003259
-0.004734 -0.006171
-0.007567 -0.008923
-0.010237 -0.011509
-0.012738 -0.013925
-0.015068 -0.016169
-0.017226 -0.018241
-0.019214 -0.020145
-0.021035 -0.021885
-0.022696 -0.023468
-0.024203 -0.024903
-0.025567 -0.026199
-0.026798 -0.027367
-0.027908 -0.028421
-0.028909 -0.029374
-0.029816 -0.030239
-0.030643 -0.031030
-0.031402 -0.031762
-0.032109 -0.032447
-0.032777 -0.033101
-0.033420 -0.033735
-0.034048 -0.034361
-0.034674 -0.034989
-0.035307 -0.035630
-0.035957 -0.036290
-0.036630 -0.036977
-0.037332 -0.037695
-0.038067 -0.038447
-0.038837 -0.039235
-0.039643 -0.040059
-0.040483 -0.040916
-0.041356 -0.041803
-0.042257 -0.042716
-0.043180 -0.043647
-0.044118 -0.044590
-0.045062 -0.045534
-0.046004 -0.046472
-0.046934 -0.047391
-0.047840 -0.048281
-0.048711 -0.049130
-0.049535 -0.049926
-0.050301 -0.050659
-0.050997 -0.051315
-0.051611 -0.051885
-0.052133 -0.052356
-0.052552 -0.052720
-0.052859 -0.052968
-0.053045 -0.053091
-0.053104 -0.053083
-0.053028 -0.052938
-0.052814 -0.052653
-0.052457 -0.052225
-0.051956 -0.051652
-0.051311 -0.050934
-0.050522 -0.050075
-0.049592 -0.049076
-0.048526 -0.047942
-0.047327 -0.046680
-0.046003 -0.045297
-0.044562 -0.043800
-0.043012 -0.042199
-0.041363 -0.040505
-0.039626 -0.038727
-0.037811 -0.036878
-0.035930 -0.034969
-0.033996 -0.033013
-0.032020 -0.031020
-0.030015 -0.029004
-0.027991 -0.026976
-0.025961 -0.024948
-0.023937 -0.022929
-0.021927 -0.020931
-0.019942 -0.018962
-0.017991 -0.017031
-0.016082 -0.015146
-0.014222 -0.013312
-0.012417 -0.011536
-0.010671 -0.009821
-0.008988 -0.008171
-0.007370 -0.006586
-0.005820 -0.005070
-0.004337 -0.003620
-0.002920 -0.002236
-0.001569 -0.000916
-0.000279 0.000343
0.000951 0.001545
0.002126 0.002695
0.003251 0.003796
0.004331 0.004856
0.005372 0.005879
0.006378 0.006871
0.007357 0.007837
0.008313 0.008785
0.009253 0.009718
0.010182 0.010644
0.011104 0.011565
0.012026 0.012487
0.012950 0.013414
0.013880 0.014348
0.014819 0.015292
0.015769 0.016248
0.016731 0.017216
0.017705 0.018197
0.018692 0.019190
0.019690 0.020193
0.020697 0.021203
0.021711 0.022219
0.022727 0.023235
0.023743 0.024249
0.024753 0.025255
0.025753 0.026247
0.026737 0.027221
0.027698 0.028169
0.028632 0.029087
0.029532 0.029967
0.030391 0.030803
0.031203 0.031590
0.031963 0.032322
0.032665 0.032992
0.033302 0.033595
0.033870 0.034127
0.034365 0.034583
0.034782 0.034960
0.035118 0.035255
0.035370 0.035464
0.035537 0.035588
0.035616 0.035623
0.035608 0.035571
0.035513 0.035432
0.035330 0.035207
0.035063 0.034898
0.034713 0.034508
0.034283 0.034040
0.033777 0.033497
0.033199 0.032885
0.032554 0.032207
0.031846 0.031470
0.031081 0.030678
0.030264 0.029838
0.029401 0.028954
0.028499 0.028034
0.027562 0.027083
0.026597 0.026106
0.025610 0.025110
0.024607 0.024100
0.023592 0.023081
0.022570 0.022058
0.021546 0.021035
0.020525 0.020016
0.019510 0.019006
0.018504 0.018005
0.017510 0.017018
0.016531 0.016047
0.015567 0.015092
0.014621 0.014154
0.013692 0.013234
0.012781 0.012333
0.011889 0.011449
0.011013 0.010581
0.010153 0.009729
0.009308 0.008890
0.008476 0.008064
0.007654 0.007247
0.006842 0.006438
0.006036 0.005635
0.005235 0.004836
0.004436 0.004037
0.003637 0.003237
0.002837 0.002435
0.002032 0.001627
0.001221 0.000814
0.000404 -0.000008
-0.000421 -0.000837
-0.001256 -0.001676
-0.002100 -0.002525
-0.002953 -0.003383
-0.003815 -0.004250
-0.004686 -0.005124
-0.005564 -0.006006
-0.006448 -0.006892
-0.007337 -0.007782
-0.008227 -0.008672
-0.009117 -0.009561
-0.010003 -0.010445
-0.010735 2.617994
2.617994 2.617994
2.617994 2.617989
2.617916 2.617755
2.617504 2.617160
2.616717 2.616170
2.615512 2.614735
2.613829 2.612785
2.611592 2.610237
2.608708 2.606991
2.605072 2.602936
2.600567 2.597949
2.595064 2.591896
2.588426 2.584636
2.580507 2.576020
2.571157 2.565896
2.560218 2.554104
2.547533 2.540485
2.532941 2.524880
2.516284 2.507132
2.497406 2.487088
2.476160 2.464605
2.452407 2.439551
2.426023 2.411811
2.396902 2.381287
2.364958 2.347909
2.330134 2.311631
2.292401 2.272443
2.251763 2.230366
2.208261 2.185459
2.161973 2.137817
2.113009 2.087569
2.061516 2.034872
2.007663 1.979911
1.951642 1.922883
1.893657 1.863992
1.833910 1.803437
1.772594 1.741401
1.709878 1.678040
1.645900 1.613470
1.580755 1.547759
1.514482 1.480919
1.447060 1.412892
1.378394 1.343543
1.308306 1.272647
1.236518 1.199866
1.162626 1.124725
1.086072 1.046564
1.006077 0.964467
0.921561 0.877153
0.831002 0.782823
0.732296 0.679088
0.622921 0.563729
0.501921 0.438637
0.375623 0.314586
0.256573 0.201893
0.150398 0.101755
0.055593 0.011573
-0.030598 -0.071163
-0.110320 -0.148231
-0.185027 -0.220810
-0.255664 -0.289653
-0.322825 -0.355216
-0.386849 -0.417738
-0.447888 -0.477295
-0.505952 -0.533843
-0.560948 -0.587245
-0.612705 -0.637300
-0.660998 -0.683766
-0.705569 -0.726375
-0.746147 -0.764853
-0.782458 -0.798929
-0.814234 -0.828343
-0.841224 -0.852849
-0.863188 -0.872212
-0.879893 -0.886202
-0.891108 -0.894579
-0.896583 -0.897083
-0.896040 -0.893413
-0.889156 -0.883221
-0.875562 -0.866136
-0.854912 -0.841883
-0.827089 -0.810641
-0.792756 -0.773780
-0.754184 -0.734516
-0.715313 -0.697017
-0.679924 -0.664186
-0.649840 -0.636847
-0.625124 -0.614571
-0.605077 -0.596538
-0.588852 -0.581926
-0.575676 -0.570026
-0.564905 -0.560251
-0.556009 -0.552128
-0.548561 -0.545269
-0.542214 -0.539362
-0.536685 -0.534154
-0.531747 -0.529441
-0.527219 -0.525062
-0.522958 -0.520893
-0.518857 -0.516842
-0.514839 -0.512846
-0.510856 -0.508870
-0.506885 -0.504904
-0.502929 -0.500963
-0.499011 -0.497082
-0.495182 -0.493321
-0.491509 -0.489760
-0.488086 -0.486503
-0.485027 -0.483675
-0.482468 -0.481426
-0.480571 -0.479928
-0.479522 -0.479382
-0.479537 -0.480018
-0.480861 -0.482100
-0.483775 -0.485926
-0.488599 -0.491840
-0.495699 -0.500226
-0.505476 -0.511503
-0.518361 -0.526097
-0.534753 -0.544351
-0.554890 -0.566329
-0.578574 -0.591467
-0.604781 -0.618229
-0.631486 -0.644230
-0.656175 -0.667092
-0.676823 -0.685271
-0.692389 -0.698168
-0.702625 -0.705791
-0.707706 -0.708416
-0.707967 -0.706406
-0.703777 -0.700123
-0.695486 -0.689905
-0.683416 -0.676055
-0.667854 -0.658844
-0.649055 -0.638512
-0.627243 -0.615269
-0.602615 -0.589298
-0.575339 -0.560753
-0.545554 -0.529756
-0.513369 -0.496400
-0.478856 -0.460739
-0.442051 -0.422789
-0.402948 -0.382520
-0.361493 -0.339853
-0.317582 -0.294658
-0.271057 -0.246750
-0.221708 -0.195899
-0.169295 -0.141867
-0.113597 -0.084483
-0.054542 -0.023827
0.007569 0.039501
0.071770 0.104134
0.136328 0.168089
0.199186 0.229433
0.258703 0.286918
0.314041 0.340068
0.365017 0.388917
0.411804 0.433718
0.454698 0.474782
0.494006 0.512403
0.530003 0.546832
0.562914 0.578270
0.592920 0.606880
0.620163 0.632783
0.644750 0.656072
0.666759 0.676815
0.686248 0.695060
0.703256 0.710838
0.717809 0.724168
0.729919 0.735059
0.739590 0.743510
0.746819 0.749514
0.751595 0.753059
0.753903 0.754126
0.753725 0.752696
0.751038 0.748747
0.745821 0.742258
0.738056 0.733214
0.727733 0.721614
0.714862 0.707482
0.699484 0.690881
0.681693 0.671944
0.661665 0.650896
0.639684 0.628086
0.616166 0.603995
0.591652 0.579215
0.566766 0.554382
0.542135 0.530089
0.518297 0.506807
0.495651 0.484858
0.474445 0.464423
0.454799 0.445574
0.436748 0.428317
0.420276 0.412619
0.405341 0.398436
0.391898 0.385723
0.379907 0.374445
0.369336 0.364579
0.360171 0.356114
0.352407 0.349053
0.346054 0.343411
0.341127 0.339204
0.337646 0.336452
0.335624 0.335160
0.335060 0.335317
0.335923 0.336868
0.338135 0.339705
0.341551 0.343643
0.345943 0.348407
0.350986 0.353627
0.356273 0.358863
0.361336 0.363634
0.365698 0.367475
0.368917 0.369980
0.370626 0.370825
0.370551 0.369784
0.368509 0.366713
0.364390 0.361536
0.358148 0.354227
0.349776 0.344796
0.339293 0.333272
0.326738 0.319697
0.312156 0.304120
0.295595 0.286589
0.277107 0.267155
0.256739 0.245866
0.234542 0.222773
0.210565 0.197927
0.184867 0.171393
0.157516 0.143248
0.128604 0.113601
0.098259 0.082601
0.066654 0.050449
0.034023 0.017415
0.000668 -0.016168
-0.033044 -0.049907
-0.066703 -0.083380
-0.099886 -0.116170
-0.132189 -0.147900
-0.163266 -0.178256
-0.192842 -0.207002
-0.220716 -0.233970
-0.246753 -0.259055
-0.270871 -0.282196
-0.293028 -0.303365
-0.313208 -0.322556
-0.331412 -0.339777
-0.347654 -0.355044
-0.361951 -0.368378
-0.374328 -0.379804
-0.384811 -0.389351
-0.393429 -0.397050
-0.400217 -0.402937
-0.405214 -0.407055
-0.408467 -0.409457
-0.410034 -0.410206
-0.409985 -0.409381
-0.408407 -0.407077
-0.405406 -0.403412
-0.401113 -0.398527
-0.395678 -0.392586
-0.389277 -0.385774
-0.382104 -0.378293
-0.374368 -0.370356
-0.366283 -0.362176
-0.358059 -0.353957
-0.349893 -0.345888
-0.341962 -0.338132
-0.334415 -0.330825
-0.327375 -0.324076
-0.320937 -0.317967
-0.315171 -0.312556
-0.310126 -0.307884
-0.305831 -0.303970
-0.302300 -0.300822
-0.299535 -0.298436
-0.297523 -0.296794
-0.296244 -0.295868
-0.295662 -0.295618
-0.295731 -0.295991
-0.296391 -0.296920
-0.297567 -0.298321
-0.299168 -0.300095
-0.301087 -0.302128
-0.303200 -0.304287
-0.305370 -0.306430
-0.307448 -0.308406
-0.309282 -0.310059
-0.310717 -0.311238
-0.311604 -0.311798
-0.311804 -0.311607
-0.311192 -0.310547
-0.309660 -0.308521
-0.307119 -0.305447
-0.303497 -0.301263
-0.298740 -0.295924
-0.292811 -0.289400
-0.285687 -0.281674
-0.277358 -0.272743
-0.267827 -0.262614
-0.257107 -0.251308
-0.245222 -0.238852
-0.232206 -0.225288
-0.218105 -0.210665
-0.202976 -0.195047
-0.186888 -0.178510
-0.169925 -0.161145
-0.152183 -0.143055
-0.133776 -0.124362
-0.114830 -0.105198
-0.095484 -0.085709
-0.075892 -0.066051
-0.056209 -0.046385
-0.036598 -0.026869
-0.017217 -0.007661
0.001782 0.011095
0.020260 0.029263
0.038091 0.046729
0.055166 0.063390
0.071393 0.079166
0.086700 0.093989
0.101027 0.107810
0.114334 0.120595
0.126591 0.132321
0.137784 0.142980
0.147908 0.152572
0.156971 0.161110
0.164990 0.168616
0.171993 0.175124
0.178016 0.180674
0.183106 0.185318
0.187319 0.189117
0.190721 0.192141
0.193385 0.194465
0.195392 0.196176
0.196828 0.197362
0.197787 0.198117
0.198363 0.198537
0.198651 0.198716
0.198744 0.198745
0.198731 0.198711
0.198696 0.198694
0.198714 0.198765
0.198852 0.198984
0.199166 0.199403
0.199701 0.200063
0.200494 0.200995
0.201568 0.202216
0.202940 0.203738
0.204612 0.205561
0.206582 0.207674
0.208834 0.210060
0.211347 0.212692
0.214089 0.215534
0.217022 0.218545
0.220098 0.221674
0.223266 0.224866
0.226467 0.228059
0.229635 0.231186
0.232704 0.234179
0.235602 0.236965
0.238259 0.239475
0.240604 0.241638
0.242568 0.243386
0.244085 0.244657
0.245094 0.245391
0.245541 0.245538
0.245376 0.245052
0.244559 0.243895
0.243055 0.242037
0.240838 0.239457
0.237890 0.236138
0.234200 0.232075
0.229764 0.227268
0.224588 0.221726
0.218684 0.215464
0.212069 0.208504
0.204771 0.200876
0.196824 0.192619
0.188267 0.183774
0.179147 0.174392
0.169517 0.164529
0.159437 0.154248
0.148970 0.143613
0.138186 0.132696
0.127155 0.121571
0.115953 0.110311
0.104654 0.098992
0.093333 0.087688
0.082065 0.076472
0.070918 0.065411
0.059959 0.054569
0.049249 0.044004
0.038842 0.033768
0.028788 0.023906
0.019128 0.014456
0.009895 0.005447
0.001116 -0.003097
-0.007189 -0.011160
-0.015009 -0.018734
-0.022337 -0.025818
-0.029177 -0.032416
-0.035536 -0.038539
-0.041428 -0.044205
-0.046873 -0.049437
-0.051898 -0.054261
-0.056531 -0.058711
-0.060807 -0.062822
-0.064762 -0.066633
-0.068438 -0.070184
-0.071876 -0.073519
-0.075118 -0.076679
-0.078207 -0.079708
-0.081186 -0.082646
-0.084093 -0.085532
-0.086968 -0.088403
-0.089844 -0.091292
-0.092751 -0.094226
-0.095718 -0.097230
-0.098764 -0.100322
-0.101907 -0.103518
-0.105158 -0.106826
-0.108523 -0.110250
-0.112004 -0.113787
-0.115597 -0.117433
-0.119293 -0.121175
-0.123077 -0.124997
-0.126931 -0.128878
-0.130834 -0.132795
-0.134759 -0.136720
-0.138676 -0.140621
-0.142552 -0.144465
-0.146354 -0.148216
-0.150046 -0.151838
-0.153589 -0.155293
-0.156946 -0.158543
-0.160080 -0.161552
-0.162955 -0.164285
-0.165536 -0.166706
-0.167790 -0.168785
-0.169687 -0.170493
-0.171200 -0.171805
-0.172305 -0.172699
-0.172983 -0.173157
-0.173219 -0.173166
-0.172999 -0.172717
-0.172318 -0.171803
-0.171172 -0.170424
-0.169561 -0.168584
-0.167493 -0.166289
-0.164975 -0.163552
-0.162022 -0.160388
-0.158652 -0.156817
-0.154885 -0.152860
-0.150746 -0.148545
-0.146262 -0.143900
-0.141464 -0.138957
-0.136384 -0.133750
-0.131057 -0.128312
-0.125519 -0.122682
-0.119806 -0.116896
-0.113956 -0.110991
-0.108006 -0.105004
-0.101991 -0.098971
-0.095949 -0.092927
-0.089911 -0.086904
-0.083910 -0.080932
-0.077974 -0.075039
-0.072131 -0.069251
-0.066402 -0.063588
-0.060809 -0.058068
-0.055368 -0.052708
-0.050091 -0.047518
-0.044989 -0.042505
-0.040067 -0.037675
-0.035329 -0.033028
-0.030773 -0.028562
-0.026396 -0.024272
-0.022191 -0.020150
-0.018149 -0.016186
-0.014259 -0.012366
-0.010506 -0.008677
-0.006876 -0.005103
-0.003353 -0.001626
0.000082 0.001771
0.003446 0.005107
0.006756 0.008397
0.010032 0.011662
0.013289 0.014915
0.016543 0.018174
0.019809 0.021451
0.023100 0.024759
0.026427 0.028106
0.029798 0.031502
0.033220 0.034951
0.036696 0.038455
0.040229 0.042016
0.043816 0.045630
0.047455 0.049292
0.051140 0.052996
0.054861 0.056732
0.058608 0.060487
0.062368 0.064248
0.066126 0.067999
0.069866 0.071724
0.073570 0.075402
0.077218 0.079016
0.080792 0.082544
0.084270 0.085967
0.087632 0.089263
0.090857 0.092413
0.093926 0.095396
0.096819 0.098194
0.099517 0.100788
0.102004 0.103163
0.104263 0.105304
0.106282 0.107197
0.108047 0.108831
0.109549 0.110199
0.110780 0.111292
0.111734 0.112106
0.112408 0.112640
0.112801 0.112892
0.112914 0.112866
0.112750 0.112566
0.112316 0.111999
0.111618 0.111173
0.110666 0.110099
0.109472 0.108788
0.108048 0.107255
0.106409 0.105514
0.104571 0.103582
0.102549 0.101475
0.100362 0.099211
0.098026 0.096808
0.095560 0.094284
0.092982 0.091657
0.090310 0.088944
0.087561 0.086163
0.084752 0.083330
0.081899 0.080460
0.079016 0.077568
0.076117 0.074665
0.073214 0.071764
0.070318 0.068875
0.067438 0.066006
0.064582 0.063164
0.061755 0.060354
0.058963 0.057580
0.056207 0.054844
0.053490 0.052145
0.050810 0.049484
0.048167 0.046858
0.045557 0.044264
0.042978 0.041697
0.040423 0.039153
0.037887 0.036624
0.035364 0.034106
0.032848 0.031590
0.030331 0.029070
0.027807 0.026540
0.025268 0.023991
0.022709 0.021419
0.020123 0.018818
0.017505 0.016182
0.014849 0.013507
0.012154 0.010790
0.009415 0.008029
0.006632 0.005223
0.003803 0.002372
0.000930 -0.000523
-0.001986 -0.003459
-0.004941 -0.006432
-0.007931 -0.009438
-0.010951 -0.012469
-0.013993 -0.015520
-0.017050 -0.018581
-0.020113 -0.021644
-0.023172 -0.024698
-0.026219 -0.027733
-0.029240 -0.030739
-0.032227 -0.033703
-0.035166 -0.036614
-0.038046 -0.039460
-0.040856 -0.042231
-0.043584 -0.044914
-0.046219 -0.047498
-0.048751 -0.049974
-0.051168 -0.052332
-0.053463 -0.054562
-0.055626 -0.056656
-0.057650 -0.058608
-0.059528 -0.060411
-0.061255 -0.062060
-0.062826 -0.063553
-0.064239 -0.064885
-0.065490 -0.066055
-0.066580 -0.067064
-0.067507 -0.067911
-0.068275 -0.068600
-0.068885 -0.069132
-0.069340 -0.069512
-0.069646 -0.069744
-0.069807 -0.069835
-0.069829 -0.069790
-0.069719 -0.069617
-0.069484 -0.069322
-0.069132 -0.068914
-0.068671 -0.068402
-0.068108 -0.067791
-0.067453 -0.067093
-0.066712 -0.066313
-0.065895 -0.065461
-0.065009 -0.064543
-0.064062 -0.063567
-0.063060 -0.062540
-0.062010 -0.061468
-0.060917 -0.060357
-0.059788 -0.059211
-0.058626 -0.058035
-0.057436 -0.056831
-0.056221 -0.055604
-0.054983 -0.054356
-0.053723 -0.053086
-0.052444 -0.051797
-0.051145 -0.050488
-0.049826 -0.049159
-0.048487 -0.047809
-0.047126 -0.046436
-0.045741 -0.045039
-0.044330 -0.043615
-0.042892 -0.042162
-0.041423 -0.040677
-0.039922 -0.039158
-0.038385 -0.037603
-0.036810 -0.036008
-0.035195 -0.034372
-0.033538 -0.032693
-0.031837 -0.030970
-0.030091 -0.029201
-0.028298 -0.027385
-0.026459 -0.025522
-0.024574 -0.023614
-0.022642 -0.021660
-0.020667 -0.019663
-0.018648 -0.017624
-0.016590 -0.015547
-0.014495 -0.013434
-0.012366 -0.011291
-0.010209 -0.009120
-0.008027 -0.006929
-0.005826 -0.004721
-0.003612 -0.002502
-0.001391 -0.000280
0.000831 0.001940
0.003048 0.004152
0.005252 0.006347
0.007437 0.008520
0.009596 0.010664
0.011723 0.012772
0.013810 0.014837
0.015852 0.016854
0.017842 0.018816
0.019775 0.020718
0.021645 0.022555
0.023448 0.024322
0.025178 0.026015
0.026832 0.027630
0.028407 0.029164
0.029900 0.030615
0.031309 0.031981
0.032631 0.033260
0.033867 0.034452
0.035016 0.035557
0.036077 0.036575
0.037052 0.037507
0.037941 0.038354
0.038746 0.039117
0.039469 0.039800
0.040112 0.040405
0.040679 0.040934
0.041171 0.041390
0.041592 0.041777
0.041945 0.042097
0.042234 0.042355
0.042461 0.042552
0.042629 0.042693
0.042743 0.042781
0.042806 0.042818
0.042819 0.042808
0.042786 0.042753
0.042709 0.042655
0.042590 0.042516
0.042432 0.042338
0.042236 0.042123
0.042002 0.041872
0.041733 0.041586
0.041429 0.041264
0.041090 0.040908
0.040717 0.040517
0.040309 0.040091
0.039865 0.039630
0.039386 0.039133
0.038870 0.038598
0.038317 0.038026
0.037725 0.037415
0.037094 0.036764
0.036423 0.036072
0.035710 0.035338
0.034954 0.034560
0.034155 0.033740
0.033312 0.032874
0.032425 0.031964
0.031492 0.031009
0.030515 0.030009
0.029492 0.028964
0.028425 0.027875
0.027315 0.026743
0.026161 0.025569
0.024967 0.024355
0.023733 0.023102
0.022461 0.021812
0.021155 0.020489
0.019815 0.019134
0.018446 0.017752
0.017051 0.016344
0.015632 0.014915
0.014193 0.013467
0.012738 0.012006
0.011271 0.010534
0.009796 0.009056
0.008316 0.007576
0.006837 0.006098
0.005360 0.004625
0.003892 0.003162
0.002435 0.001712
0.000993 0.000279
-0.000430 -0.001133
-0.001831 -0.002522
-0.003206 -0.003883
-0.004553 -0.005215
-0.005869 -0.006515
-0.007152 -0.007780
-0.008399 -0.009009
-0.009609 -0.010199
-0.010779 -0.011350
-0.011909 -0.012459
-0.012998 -0.013527
-0.014045 -0.014552
-0.015048 -0.015534
-0.016009 -0.016474
-0.016927 -0.017222
